1019,200,1,0,0
1019,54,2,0,0
1019,182,3,0,0
1019,166,4,0,0
1019,167,5,0,0
1019,168,6,0,0
1019,169,7,0,0
1019,170,8,0,0
1019,171,9,0,0
1019,172,10,0,0
1019,173,11,0,0
1019,174,12,0,0
1019,175,13,0,0
1019,176,14,0,0
1019,164,15,0,0
1019,82,16,0,0
1019,73,17,0,0
1019,86,18,0,0
1019,148,19,0,0
1019,81,20,0,0
1019,150,21,0,0
1019,151,22,0,0
1019,152,23,0,0
1019,177,24,0,0
1019,178,25,0,0
1019,179,26,0,0
2019,201,1,0,0
2019,1,2,0,0
2019,2,3,0,0
2019,20,4,0,0
2019,3,5,0,0
2019,130,6,0,0
2019,4,7,0,0
2019,131,8,0,0
2019,5,9,0,0
2019,132,10,0,0
2019,133,11,0,0
2019,156,12,0,0
2019,155,13,0,0
2019,154,14,0,0
2019,10,15,0,0
2019,11,16,0,0
2019,12,17,0,0
2019,13,18,0,0
2019,187,19,0,0
2019,14,20,0,0
2019,165,21,0,0
2019,15,22,0,0
2019,16,23,0,0
2019,17,24,0,0
2019,18,25,0,0
2019,19,26,1,1
3019,200,1,0,0
3019,134,2,0,0
3019,3,3,0,0
3019,153,4,0,0
3019,130,5,0,0
3019,4,6,0,0
3019,131,7,0,0
3019,124,8,0,0
3019,47,9,0,0
3019,48,10,0,0
3019,53,11,0,0
3019,55,12,0,0
3019,135,13,0,0
3019,6,14,0,0
3019,7,15,0,0
3019,8,16,0,0
3019,9,17,0,0
3019,10,18,0,0
3019,136,19,0,0
3019,56,20,0,0
3019,137,21,0,0
3019,57,22,0,0
3019,138,23,0,0
3019,52,24,0,0
3019,121,25,1,1
4019,200,1,0,0
4019,54,2,0,0
4019,88,3,0,0
4019,89,4,0,0
4019,144,5,0,0
4019,92,6,0,0
4019,122,7,0,0
4019,104,8,0,0
4019,101,9,0,0
4019,102,10,0,0
4019,100,11,0,0
4019,99,12,0,0
4019,98,13,0,0
4019,94,14,0,0
4019,119,15,0,0
4019,118,16,0,0
4019,117,17,0,0
4019,116,18,0,0
4019,115,19,0,0
4019,114,20,0,0
4019,113,21,0,0
4019,112,22,0,0
4019,111,23,0,0
4019,110,24,0,0
4019,109,25,0,0
4019,108,26,0,0
4019,105,27,0,0
4019,106,28,0,0
4019,107,29,0,0
4019,121,30,1,1
5019,201,1,0,0
5019,1,2,0,0
5019,139,3,0,0
5019,140,4,0,0
5019,123,5,0,0
5019,84,6,0,0
5019,83,7,0,0
5019,79,8,0,0
5019,141,9,0,0
5019,77,10,0,0
5019,76,11,0,0
5019,75,12,0,0
5019,74,13,0,0
5019,72,14,0,0
5019,71,15,0,0
5019,70,16,0,0
5019,69,17,0,0
5019,68,18,0,0
5019,67,19,0,0
5019,66,20,0,0
5019,65,21,0,0
5019,64,22,0,0
5019,63,23,0,0
5019,62,24,0,0
5019,142,25,0,0
5019,61,26,0,0
5019,60,27,0,0
5019,59,28,1,1
6019,201,1,0,0
6019,1,2,0,0
6019,2,3,0,0
6019,20,4,0,0
6019,21,5,0,0
6019,22,6,0,0
6019,23,7,0,0
6019,24,8,0,0
6019,25,9,0,0
6019,26,10,0,0
6019,27,11,0,0
6019,28,12,0,0
6019,30,13,0,0
6019,31,14,0,0
6019,32,15,0,0
6019,33,16,0,0
6019,34,17,0,0
6019,36,18,0,0
6019,37,19,0,0
6019,39,20,0,0
6019,40,21,0,0
6019,41,22,0,0
6019,42,23,0,0
6019,43,24,0,0
6019,44,25,0,0
6019,45,26,0,0
6019,49,27,0,0
6019,50,28,0,0
6019,51,29,0,0
6019,52,30,0,0
6019,121,31,1,1
8019,200,1,0,0
8019,183,2,0,0
8019,92,3,0,0
8019,184,4,0,0
8019,185,5,0,0
8019,186,6,0,0
8019,14,7,0,0
8019,165,8,0,0
8019,15,9,0,0
8019,16,10,0,0
8019,17,11,0,0
8019,84,12,0,0
8019,83,13,0,0
8019,79,14,0,0
8019,150,15,0,0
8019,151,16,0,0
8019,152,17,0,0
8019,18,18,0,0
8019,19,19,0,0
